0	0	0	0	0	0	0	0	0	0	0	0	0	0	0	0	0	0	0	0	0	0	0	0	0	0	0	0	0	0	0.077851	0	0	0	0	0	0	0	0	0
0	0	0	0	0	0	0	0	0	0	0	0	0	0	0.000403	0.000379	0	0	0	0	0	0	0	0	0	0	0	0	0	0	0.106116	0	0	0	0	0	0	0	0	0
0	0	0	0	0	0	0	0	0	0	0	0	0.002714	0.060531	0.080587	0.087312	0.076529	0.048248	0	0	0	0	0	0	0	0	0	0	0	0	0	0.195071	0	0	0	0	0	0	0	0
0	0	0	0	0	0	0	0	0	0	0	0	0.066129	0.118298	0.165037	0.176022	0.17256	0.152205	0.096472	0	0	0.022772	0.043784	0.054553	0.058787	0.057304	0.045379	0.009404	0	0	0	0.32629	0	0	0	0	0	0	0	0
0	0	0	0	0	0	0	0	0	0	0	0.039513	0.119492	0.183863	0.229586	0.263158	0.264465	0.250277	0.203208	0.106318	0.073889	0.08639	0.112192	0.12787	0.134502	0.135091	0.127502	0.10062	0.080389	0.036369	0	0.267017	0.253716	0	0	0	0	0	0	0
0	0	0	0	0	0	0	0	0	0	0	0.073805	0.17151	0.252133	0.295841	0.329983	0.346458	0.336979	0.300081	0.243691	0.138487	0.156156	0.158804	0.174177	0.179909	0.181059	0.179103	0.166114	0.161957	0.128617	0.085337	0.123462	0.496904	0	0	0	0	0	0	0
0	0	0	0	0	0	0	0	0	0	0	0.116481	0.222371	0.299641	0.367326	0.398489	0.417759	0.415523	0.38686	0.334378	0.176382	0.191431	0.18696	0.16929	0.166044	0.163566	0.16504	0.167588	0.190811	0.184813	0.166836	0.133061	0.519258	0.263254	0	0	0	0	0	0
0	0	0	0	0	0	0	0	0	0	0.000642	0.148634	0.262478	0.356576	0.418395	0.464424	0.480336	0.477778	0.449069	0.392507	0.300452	0.170162	0.154649	0.125816	0.095801	0.083961	0.083385	0.094558	0.132846	0.168563	0.208059	0.20432	0.401557	0.615076	0	0	0	0	0	0
0	0	0	0	0	0	0	0	0	0.040818	0.074052	0.10032	0.295992	0.390311	0.458564	0.505414	0.521268	0.507814	0.469239	0.402056	0.301002	0.118435	0.077822	0.053174	0.028871	0.011793	0.005746	0.013014	0.035622	0.071217	0.140893	0.213874	0.248506	0.732994	0.240786	0	0	0	0	0
0	0	0	0	0	0	0	0.023648	0.065231	0.096554	0.133888	0.159773	0.313011	0.407507	0.474588	0.500935	0.514791	0.489545	0.438589	0.365172	0.26725	0.112865	0.017859	0	0	0	0	0	0	0	0.029652	0.106644	0.221041	0.631412	0.670876	0	0	0	0	0
0	0	0	0	0	0	0.029747	0.073231	0.125695	0.151769	0.170523	0.189727	0.273104	0.372333	0.425975	0.455481	0.447805	0.429976	0.382895	0.31753	0.234666	0.130462	0	0	0	0	0	0	0	0	0	0	0.089137	0.335816	0.863348	0.197936	0	0	0	0
0.000812	0	0	0	0	0.009936	0.07528	0.135065	0.161072	0.183613	0.179321	0.168672	0.160686	0.295076	0.347738	0.365605	0.369648	0.354382	0.331338	0.29222	0.234358	0.163448	0	0	0	0	0	0	0	0	0	0	0	0.097877	0.730418	0.65468	0	0	0	0
0.028349	0	0	0	0	0.0658	0.13212	0.167414	0.17895	0.165001	0.143758	0.111334	0.081456	0.174813	0.23805	0.281805	0.311531	0.313673	0.30983	0.297047	0.269168	0.226576	0.175727	0	0	0	0	0	0	0	0	0	0	0	0.34616	0.857036	0.131432	0	0	0
0	0.114683	0	0	0.019436	0.099642	0.157108	0.179637	0.157597	0.107307	0.070708	0.04321	0.019654	0.000442	0.170737	0.236239	0.27927	0.320073	0.329916	0.335285	0.328393	0.306107	0.272626	0.037985	0	0	0	0	0	0	0	0	0	0	0.00539	0.702612	0.535019	0	0	0
0	0.251916	0	0	0.056988	0.149038	0.18693	0.161523	0.091647	0.048097	0.005533	0	0	0	0.136959	0.225264	0.296898	0.341755	0.380358	0.394171	0.399254	0.390493	0.368551	0.297288	0	0	0	0	0	0	0	0	0	0	0	0.365612	0.711386	0.054314	0	0
0	0.166513	0.210671	0	0.100674	0.176508	0.176683	0.113475	0.044254	0	0	0	0	0	0.126771	0.248534	0.326651	0.387292	0.434206	0.466111	0.476672	0.476392	0.46342	0.419574	0.119886	0	0	0	0	0	0	0	0	0	0	0.084871	0.616601	0.341592	0	0
0	0	0.416718	0.024047	0.13718	0.189807	0.160785	0.065873	0	0	0	0	0	0	0.005431	0.281612	0.373093	0.446794	0.49166	0.533831	0.558066	0.562829	0.556843	0.521656	0.38327	0	0	0	0	0	0	0	0	0	0	0	0.408405	0.496464	0	0
0	0	0.442594	0.273263	0.169652	0.206827	0.127698	0.02257	0	0	0	0	0	0	0	0.314817	0.416775	0.494104	0.559957	0.596569	0.630196	0.649139	0.645752	0.619186	0.578192	0.197884	0	0	0	0	0	0	0	0	0	0	0.22998	0.495163	0.137326	0
0	0	0.248668	0.538857	0.200011	0.211661	0.084168	0	0	0	0	0	0	0	0	0.259417	0.466613	0.556253	0.615864	0.6656	0.696933	0.720339	0.726648	0.71197	0.68047	0.460853	0.012277	0	0	0	0	0	0	0	0	0	0.116946	0.416177	0.256626	0
0	0	0	0.667821	0.320576	0.212212	0.062581	0	0	0	0	0	0	0	0	0.136504	0.502569	0.598599	0.672829	0.733071	0.768029	0.791922	0.804555	0.799974	0.77854	0.7178	0.273413	0	0	0	0	0	0	0	0	0	0.052524	0.330092	0.307806	0.013353
0	0	0	0.57162	0.605911	0.21524	0.044612	0	0	0	0	0	0	0	0	0.01487	0.51754	0.654483	0.731803	0.787668	0.843387	0.864082	0.878863	0.881414	0.869538	0.837811	0.539401	0.099983	0	0	0	0	0	0	0	0	0.037818	0.264046	0.312595	0.057683
0	0	0	0.285638	0.80219	0.224995	0.032917	0	0	0	0	0	0	0	0	0	0.409254	0.689825	0.779262	0.852066	0.895038	0.936193	0.947963	0.953203	0.949176	0.930142	0.801543	0.344675	0	0	0	0	0	0	0	0	0.037399	0.218851	0.296547	0.094231
0	0	0	0	0.829645	0.46466	0.028939	0	0	0	0	0	0	0	0	0	0.285169	0.730148	0.831522	0.900086	0.949906	0.97951	1	1	1	0.993915	0.964011	0.608033	0.185664	0	0	0	0	0	0	0	0.041599	0.204102	0.274182	0.112235
0	0	0	0	0.625831	0.725938	0.032968	0	0	0	0	0	0	0	0	0	0.159201	0.670488	0.872417	0.947986	0.993376	1	1	1	1	1	1	0.835064	0.410163	0.076287	0	0	0	0	0	0	0.072133	0.201946	0.249686	0.115417
0	0	0	0	0.278496	0.854645	0.140355	0	0	0	0	0	0	0	0	0	0.046705	0.546395	0.908453	0.979753	1	1	0.979569	0.973613	1	1	1	0.982823	0.621506	0.252703	0.023639	0	0	0	0	0.002805	0.099054	0.200056	0.234164	0.106549
0	0	0	0	0	0.776864	0.413871	0	0	0	0	0	0	0	0	0	0	0.41423	0.903422	1	1	1	0.935485	0.876866	0.928602	1	1	1	0.765733	0.431035	0.165395	0.015034	0	0	0	0.049423	0.130068	0.211967	0.220419	0.086771
0	0	0	0	0	0.512748	0.619107	0	0	0	0	0	0	0	0	0	0	0.299296	0.784446	1	1	1	0.902617	0.82175	0.829382	0.92103	1	1	0.846521	0.56159	0.297077	0.134117	0.05112	0.028334	0.054282	0.103556	0.16818	0.221345	0.195123	0.064843
0	0	0	0	0	0.182865	0.66609	0.221906	0	0	0	0	0	0	0	0	0	0.202276	0.649643	1	1	1	0.887768	0.797767	0.785745	0.83402	0.922717	0.949508	0.857384	0.640398	0.409783	0.22983	0.142181	0.11265	0.118047	0.148289	0.190627	0.216041	0.166209	0.046531
0	0	0	0	0	0	0.511254	0.419822	0.000175	0	0	0	0	0	0	0	0	0.128086	0.514041	0.892991	1	1	0.889678	0.794445	0.768251	0.793959	0.844827	0.883616	0.822598	0.676932	0.474556	0.322249	0.22473	0.174106	0.176338	0.198353	0.222282	0.21535	0.135402	0.022475
0	0	0	0	0	0	0.255455	0.488023	0.187876	0	0	0	0	0	0	0	0	0.080458	0.395223	0.742114	0.958618	0.979944	0.893987	0.803409	0.759661	0.768049	0.796045	0.814323	0.782177	0.665684	0.519972	0.381507	0.286278	0.243485	0.22759	0.225509	0.221871	0.184578	0.087241	0
0	0	0	0	0	0	0.036134	0.402316	0.332137	0.077219	0	0	0	0	0	0	0	0.056724	0.302013	0.597078	0.825895	0.906553	0.873685	0.807709	0.757489	0.742968	0.755332	0.754447	0.723751	0.640961	0.526164	0.41338	0.33512	0.280634	0.257853	0.247028	0.220073	0.152315	0.053665	0
0	0	0	0	0	0	0	0.199605	0.375905	0.225699	0.048104	0	0	0	0	0	0	0.054604	0.2391	0.474562	0.688086	0.804833	0.820929	0.786382	0.746259	0.717888	0.707692	0.699716	0.658892	0.599264	0.506561	0.424374	0.346528	0.305736	0.272968	0.235678	0.180787	0.10108	0.018635	0
0	0	0	0	0	0	0	0.032246	0.274381	0.309623	0.174835	0.04438	0	0	0	0	0	0.06904	0.210342	0.392195	0.571865	0.693849	0.73678	0.732922	0.708604	0.682851	0.656973	0.636029	0.602139	0.538755	0.478518	0.402037	0.350338	0.300753	0.253784	0.210264	0.141491	0.056297	0	0
0	0	0	0	0	0	0	0	0.106739	0.273683	0.258911	0.15789	0.081779	0.020885	0.008169	0.01234	0.038982	0.103057	0.207111	0.340731	0.480817	0.591333	0.649056	0.658056	0.644897	0.626445	0.602179	0.567538	0.534481	0.487228	0.429022	0.376688	0.32255	0.272792	0.225957	0.159957	0.079638	0.01735	0	0
0	0	0	0	0	0	0	0	0	0.139109	0.247495	0.237927	0.177545	0.114531	0.092538	0.085209	0.096046	0.145574	0.219222	0.313555	0.415442	0.50316	0.558781	0.578738	0.571319	0.551311	0.53245	0.503658	0.460748	0.425976	0.376984	0.330292	0.279158	0.232043	0.166675	0.104697	0.040426	0	0	0
0	0	0	0	0	0	0	0	0	0.020071	0.142605	0.230456	0.233172	0.193337	0.170388	0.155427	0.156134	0.189521	0.238435	0.301154	0.36992	0.432061	0.475777	0.496106	0.495373	0.478652	0.453133	0.43169	0.399039	0.354285	0.320927	0.269789	0.228435	0.166112	0.114393	0.052375	0	0	0	0
0	0	0	0	0	0	0	0	0	0	0.025338	0.126	0.201679	0.221336	0.220701	0.209956	0.206897	0.227312	0.256504	0.294066	0.335731	0.374385	0.40296	0.417495	0.417878	0.405988	0.383318	0.353553	0.329879	0.294303	0.251945	0.214043	0.159252	0.112722	0.056088	0.010574	0	0	0	0
0	0	0	0	0	0	0	0	0	0	0	0.016613	0.089693	0.163694	0.206479	0.220909	0.227389	0.243654	0.260164	0.279529	0.30073	0.320486	0.335073	0.341977	0.34042	0.330654	0.312791	0.286025	0.25367	0.227252	0.187137	0.145444	0.101219	0.053694	0.014436	0	0	0	0	0
0	0	0	0	0	0	0	0	0	0	0	0	0	0.055647	0.116835	0.162728	0.191622	0.216903	0.231633	0.242236	0.251788	0.264578	0.270769	0.26944	0.260256	0.251451	0.2371	0.215932	0.18588	0.151796	0.122502	0.079364	0.045877	0.011098	0	0	0	0	0	0
0	0	0	0	0	0	0	0	0	0	0	0	0	0	0.019344	0.061048	0.100934	0.138709	0.160161	0.171533	0.186824	0.196347	0.199517	0.196756	0.188069	0.173115	0.155588	0.13986	0.117543	0.086519	0.055929	0.03207	0.000972	0	0	0	0	0	0	0
0	0	0	0	0	0	0	0	0	0	0	0	0	0	0	0	0.014511	0.04424	0.064707	0.082062	0.101515	0.112616	0.11718	0.11638	0.11075	0.100271	0.084454	0.063169	0.050656	0.03349	0.011073	0	0	0	0	0	0	0	0	0
0	0	0	0	0	0	0	0	0	0	0	0	0	0	0	0	0	0	0	0.01091	0.025664	0.0353	0.040508	0.042009	0.040287	0.035518	0.027594	0.016231	0.001192	0	0	0	0	0	0	0	0	0	0	0
